0.0002447809361916349 2.4209945470550003 1.33241283815
0.0002651447371019125 5.292955138458 1.4150196114140001
0.0002706589507947427 4.075175362277 0.42007616871299996
0.0002810248004486768 6.121319836981 0.474400039299
0.0002805266577592921 6.525361133852 3.291447057834
0.00028831611141344303 6.013966429759001 5.6256218965419995
0.00025060985974353434 3.133247559907 0.5241443834880001
0.0002654238934206426 7.398033422310999 4.891686162038
0.0002829562105849512 2.536304067561 5.415839680602
0.0002601643179873084 6.391447485104001 4.039807348747
0.00025453013686031815 5.385062260961 0.534393995441
0.00022212710771862452 8.072250088149 0.14075118338099998
0.0002867694065596491 5.981285440062 6.180516397067
0.00026372980504450316 6.925255849879 4.277772280399
0.00025106327982131455 7.154233093859 2.292955697149
0.00023732151268687128 5.675069327794 1.5437632469729998
0.00028279218039591237 5.54887460663 5.271326071328
0.00023347490852606052 7.1720876355089995 0.8288636298980001
0.0002886801309545805 3.221383934586 0.276078740733
0.0002692235340308997 5.579539694914 1.619177947796
0.00024795105757914626 6.925345894665999 0.768152978468
0.0002202040695452808 5.247144346918 3.698271511959
0.00016951462824441076 7.053861313293999 6.115770382387001
0.0002440278520400142 5.731831408477 5.1735241515390005
0.00015275510953720946 10.580329317539 1.4132317258509999
0.00023955309877096625 4.243920502314 0.402445391117
0.0002470026075513386 3.053374401914 0.143078912993
0.00027657761008948383 3.659651276642 2.230373177926
0.0002550356255986983 5.156908230816 4.493306684321
0.0002516207507395036 6.532169972256 0.14028236425499999
0.00024251576062238756 4.260224157122 0.183320018596
0.0002452062186164884 4.740618980235 1.261545423412
0.00021509571655801678 5.111276851615 0.283523723086
0.0002898847180840968 4.681593075491 1.868718910517
0.0002556914192581501 7.548685485793 4.608222955282
0.0002528816715113745 4.229093190843 1.222014411395
0.00027729061156424946 7.074337148384 6.182697415901001
0.0002840230454614811 3.906035966174 2.1467303348930002
0.00027283817806715154 6.060622011035 3.2295333908829997
0.00023379234573564175 3.6110686487 6.281588625651
0.00020458171823967527 4.676380574702 1.63408903494
0.00024513882748946714 6.361475422641 4.320803106998
0.0002522379247708107 4.557784117165 0.839048571598
0.00026991444781902796 5.938886760355 0.202442475312
0.00020865406422644007 6.100147334551999 0.586193989766
0.000254310111888098 6.063822882089 2.2922387866900005
0.00027126177654316047 7.144277900584 0.534628942761
0.00026486066859654137 6.731349839892 5.976761408080001
0.00028164859192234215 6.871312524276 2.212461251542
0.0002844318891097353 2.776652001944 5.23327059011
0.00026052068919056023 7.108645694799 1.054931854696
0.00027595934075097967 6.683592372173001 0.23009701666
0.0002550489672266738 3.827641927326 4.409628446935
0.00026508435789400643 4.624477613527 4.593926309831
0.0002649866434386691 6.890333832542 3.687187193643
0.00019601611104636864 6.927050571481 1.343198752086
0.00017254123752134432 8.548026611835 3.8018062544489997
0.000276265677606594 4.686325332213 1.0227703711910001
0.0002046376752097807 8.600364506847 4.576505210636
0.00022737229254790812 7.373483264164999 1.167731778882
0.00017540355162468164 9.316455820397 3.641004263991
0.0002050284298074373 5.305701232687 3.699105054461
0.00028906204235124185 4.924320778392 3.3370079554470005
0.0001877164695697309 6.80124702518 5.175908441404
0.00028469807073459885 4.888320718059 2.760136938071
0.00021673392362416257 4.1028333390539995 1.574993198312
0.00025515454133043653 3.8207587914569996 2.1675915990059997
0.00026158965591665384 6.745984117709 1.6589147222760001
0.0002821983929326864 3.855545866265 5.98975081822
0.00021945604863781235 7.460761413435 2.235439062619
0.00021085282829582207 5.537251907381001 2.0984308393599997
0.00027181506238882475 3.483899548584 1.8525203963519998
0.0002573257397992919 5.425853312699 1.202838831622
0.0002821316591280408 1.9433202438530002 0.987244573986
0.0002658509065250621 6.139272281152 5.544633011305
0.00025573036535669853 3.9275894547259997 0.966078661402
0.00022560108131089286 4.605295539805 3.6922693355739997
0.0001458680943783788 10.099327429414 2.4424787346340002
0.00022236198307091612 8.071026844039999 3.960500121442
0.0002362262214612745 6.693076129299 3.2950212274129997
0.00028872043109923727 6.196179417233 3.963670161774
0.00018304972511352195 7.817727328193 4.568899701834
0.00023457978644607014 7.353161232034 2.5509204013640003
0.00025208800756510813 7.215884716065 0.856317213737
0.00026652114739696804 6.993933097472 0.876170173447
0.00020239688506430614 1.8764156019729998 0.40967091885300005
0.00018495796365311867 8.427098304374 3.781524128101
0.0001842690222766681 6.638953648617999 5.223397919381
0.00021191113086548074 4.794460160296 1.7930072496779998
0.00028549852406756037 3.426293394303 2.959353413266
0.0002776867436600512 6.979971003684 3.836154382695
0.0001537102958757559 5.950478193563 5.723772740613001
0.00027374693325924165 6.981382992905999 3.0924184745670003
0.0001771597343471239 4.483345706313 0.73639424746
0.00024536091357836516 4.381591857549 4.632204750272
0.0002598948619316498 7.072874759935 1.387846570314
0.0002352651955661869 6.651405095938999 1.1725446271520001
0.00016809615917556017 4.23512649648 3.9003755030000002
0.0002626107501801024 6.190994530498 4.932871019489
0.00025283925281127044 2.316734348103 1.150447404564
